Original rating matrix R:
     5     3     0     1
     4     0     0     1
     1     1     0     5
     1     0     0     4
     0     1     5     4

Initial P:
    0.8147    0.0975
    0.9058    0.2785
    0.1270    0.5469
    0.9134    0.9575
    0.6324    0.9649

Initial Q:
    0.1576    0.9572    0.8003    0.4218
    0.9706    0.4854    0.1419    0.9157

Learned P:
    2.4251    0.4403
    1.9035    0.4324
    0.3632    2.0220
    0.3238    1.6193
    0.9410    1.6514

Learned Q:
    2.0339    1.1597    2.0675   -0.0354
    0.1789    0.1559    1.7776    2.4615

Reconstructed R_hat = P*Q:
    5.0112    2.8812    5.7966    0.9979
    3.9490    2.2750    4.7041    0.9969
    1.1005    0.7364    4.3451    4.9641
    0.9484    0.6280    3.5480    3.9745
    2.2093    1.3487    4.8810    4.0316

Original R:
     5     3     0     1
     4     0     0     1
     1     1     0     5
     1     0     0     4
     0     1     5     4

RMSE on observed entries: 0.135253

Predicted values for missing (zero) entries:
  R(5,1) = 2.2093
  R(2,2) = 2.2750
  R(4,2) = 0.6280
  R(1,3) = 5.7966
  R(2,3) = 4.7041
  R(3,3) = 4.3451
  R(4,3) = 3.5480
